1.5763278163585155
3.202321366342798
4.151610837679508
1.147225202801473
7.160354486980151
3.823102447478045
4.701014157528046
7.061802136601787
5.307694864499496
-3.814165058491107
-0.2523297344115947
4.084751657801281
3.8878949628045847
3.9412772758007484
3.791537368959436
11.28086310240084
7.694678903937085
3.498075522221755
1.1497771836449666
1.2553641283473453
5.696777161744756
4.857085483442639
0.29055290121096755
-0.21743102492673438
4.168892093585346
-0.06592460402697498
10.774262519492524
4.5404390473599445
8.580071826230611
11.257836953860565
2.3263166200705614
9.901052731195021
3.742419531454924
2.832547510540668
2.4408744959164306
6.6087017439700375
-0.6858468091817587
5.079093053425144
-3.4121248522742746
5.705362942323843
-1.4828339119178056
0.020550709122336475
3.3749833642774143
-5.031650224419279
7.811079463718205
-0.15567720196301904
-0.4483592091960955
5.49157494390525
7.1763167441013245
4.9817134517586155
8.607121918174084
8.613260546110546
4.820967027066463
2.1622742558712655
3.4723242245673376
5.951630016831553
-4.642749992579777
2.9486658897005906
2.6043317233156538
2.373571804786268
0.4620024149721025
5.902794824370138
-0.7501384013429009
2.1699256660859065
5.858912909011005
5.013066568894387
1.8504284472489498
-6.924258500336913
-3.85891582378627
4.26377153911805
-1.6567358760317124
-0.842457144477355
2.29512820312951
5.385380726617274
11.545263027032385
-1.212792547482537
5.878049825176368
2.400894169531609
5.97101966179301
7.806735630319359
6.622792313651269
6.978035453959462
9.771884420781024
-5.672610453347243
-2.5975080925416263
1.6648301604563596
4.6307122130130125
2.2422147942336883
2.5136939093257125
0.09028471415468386
10.817705025629174
4.990712706086473
3.6892837692106224
6.430721677223538
-2.5406239312578593
6.774773442873445
9.871678665775567
2.591665412646216
1.487195582642864
4.3581128904314985
3.051818538130442
1.5298811219880297
3.3751895839671837
10.191787013333887
-1.864256785665611
2.6512869544237057
-0.9221464395158065
2.7207482308244506
-1.1390946439662475
8.664189660794182
-0.6703301012291378
3.4580609575450163
2.0816554374491973
4.009376759291969
2.310326453939101
4.589126454700811
2.2648150181523286
7.922686519497533
2.2340805960854966
-5.7237577660658765
3.5711758674033787
0.8661304886449068
0.5868655629958046
4.775221315500433
-0.5988599280310201
3.086278163461015
3.261025990889964
0.7205107273681386
-0.8579281880736245
4.612592119617497
-1.53725355843397
11.402786991250364
4.334848428576478
3.8999479682138225
5.770831828665545
4.977619926618038
3.2057087880862
1.1358837243163826
1.4056684114855371
3.5180121319799107
0.8739314469708681
2.970166859780623
-4.504735441873887
8.072023891465701
1.8863560900317324
-3.5065445595457803
3.8567426653271903
1.2855459319411757
-0.17986440991595254
6.916114207858178
-1.8460921688899479
0.752328971944725
0.5261366192989061
-2.7330793294418863
5.994002423407817
4.929974136131353
9.692088212350296
3.6262659580381666
10.824988967547405
0.27287161200840293
-0.9760938305868532
8.576717643910936
3.86678225676179
1.8633694735329736
2.1286839412867957
-0.07863859435147624
-1.2980227206027761
1.3530541594061742
4.5669305524771495
0.5692365394739896
8.827416313051694
-1.0961832912054668
4.831953597901084
1.0699248481304222
0.9998723564828751
9.099187633578774
2.749124096334559
0.12460879080858067
-0.07343290190761209
-2.0482438362157787
-7.302373401318228
1.1454453636980486
4.082343714543518
0.10546860108193057
9.479986766198726
5.309922189180907
8.542792911161763
5.5327022491216304
0.18699492388308991
7.306855299624207
-1.0134382877383556
6.256603032554596
2.8103518689956646
0.8013425390953208
1.449939960149273
0.6211662901176505
12.634109704986447
3.135165966040154
4.555169254177378
1.667727683682833
1.2770567354416653
5.803589388967842
15.80099889944859
4.882105701401875
0.502964322017144
-2.498787647770259
8.159656858068475
1.4361360075730727
1.8752022165518405
4.7511838687271375
4.605583603542154
11.85834007568653
2.552780491883076
1.3862794100431954
2.9842974373234017
3.326246477595774
-0.6581143257306437
-1.1678720900852708
4.993909781289552
-4.030065034075845
12.008289749118969
1.7217299072858512
6.582470923211725
0.6404109880457391
1.1972063605233205
-2.013290520882312
4.132423154746695
0.23507140216929256
-1.9051409688149032
-0.3644046498358229
3.0798374698379254
3.6112977416820637
3.3187601179500827
3.939355463229782
3.1439543527217597
5.43351748573582
4.160520342030951
2.517482485804491
6.987651482334753
-3.4815753010686246
-3.5981811597081856
6.774218749838338
0.2574669641262295
2.993439696576613
4.263991119658713
-0.7684621575538211
3.355683025724018
3.562766359994336
7.533186733265634
3.6717027419055044
